"Kafli","Undirheiti kafla","Kaflaröðun","Gr.","Málsgr.","Málsl.","Titill greinar","Efni"
,"Aðfaraorð",1,,1,1,,"Við sem byggjum Ísland viljum skapa réttlátt samfélag þar sem allir sitja við sama borð."
,"Aðfaraorð",1,,1,2,,"Ólíkur uppruni okkar auðgar heildina og saman berum við ábyrgð á arfi kynslóðanna, landi og sögu, náttúru, tungu og menningu."
,"Aðfaraorð",1,,2,1,,"Ísland er frjálst og fullvalda réttarríki með frelsi, jafnrétti, lýðræði og mannréttindi að hornsteinum."
,"Aðfaraorð",1,,3,1,,"Stjórnvöld skulu vinna að velferð íbúa landsins, efla menningu þeirra og virða margbreytileika mannlífs, lands og lífríkis."
,"Aðfaraorð",1,,4,1,,"Við viljum efla friðsæld, öryggi, heill og hamingju á meðal okkar og komandi kynslóða."
,"Aðfaraorð",1,,4,2,,"Við einsetjum okkur að vinna með öðrum þjóðum að friði og virðingu fyrir jörðinni og öllu mannkyni."
,"Aðfaraorð",1,,5,1,,"Í þessu ljósi setjum við okkur nýja stjórnarskrá, æðstu lög landsins, sem öllum ber að virða."
"I. KAFLI","Undirstöður",2,1,1,1,"Stjórnarform","Ísland er lýðveldi með þingræðisstjórn."
"I. KAFLI","Undirstöður",2,2,1,1,"Uppspretta ríkisvalds og handhafar þess","Allt ríkisvald sprettur frá þjóðinni og beitir hún því annaðhvort beint eða fyrir milligöngu handhafa þess."
"I. KAFLI","Undirstöður",2,2,2,1,"Uppspretta ríkisvalds og handhafar þess","Alþingi fer með löggjafarvaldið."
"I. KAFLI","Undirstöður",2,2,3,1,"Uppspretta ríkisvalds og handhafar þess","Forseti Íslands, ráðherrar og ríkisstjórn og önnur stjórnvöld fara með framkvæmdarvaldið."
"I. KAFLI","Undirstöður",2,2,4,1,"Uppspretta ríkisvalds og handhafar þess","Hæstiréttur Íslands og aðrir dómstólar fara með dómsvaldið."
"I. KAFLI","Undirstöður",2,3,1,1,"Yfirráðasvæði","Íslenskt landsvæði er eitt og óskipt."
"I. KAFLI","Undirstöður",2,3,1,2,"Yfirráðasvæði","Mörk íslenskrar landhelgi, lofthelgi og efnahagslögsögu skulu ákveðin með lögum."
"I. KAFLI","Undirstöður",2,4,1,1,"Ríkisborgararéttur","Rétt til íslensks ríkisfangs öðlast þeir sem við fæðingu eiga foreldri með íslenskt ríkisfang, eftir því sem nánar er mælt fyrir um í lögum."
"I. KAFLI","Undirstöður",2,4,1,2,"Ríkisborgararéttur","Ríkisborgararéttur verður að öðru leyti veittur samkvæmt lögum."
"I. KAFLI","Undirstöður",2,4,2,1,"Ríkisborgararéttur","Engan má svipta íslenskum ríkisborgararétti."
"I. KAFLI","Undirstöður",2,4,2,2,"Ríkisborgararéttur","Með lögum má þó ákveða að maður missi þann rétt ef hann á eða öðlast með samþykki sínu ríkisfang í öðru ríki."
"I. KAFLI","Undirstöður",2,4,3,1,"Ríkisborgararéttur","Íslenskum ríkisborgara verður ekki meinað að koma til landsins né verður honum vísað úr landi."
"I. KAFLI","Undirstöður",2,5,1,1,"Gildissvið","Stjórnvöldum ber að tryggja að allir fái notið þeirra réttinda og þess frelsis sem í þessari stjórnarskrá felst."
"I. KAFLI","Undirstöður",2,5,2,1,"Gildissvið","Allir skulu virða stjórnarskrá þessa í hvívetna sem og þau lög sem af henni leiðir."
"I. KAFLI","Undirstöður",2,5,2,2,"Gildissvið","Einkaaðilar skulu, eftir því sem við á, virða þau réttindi sem kveðið er á um í II. kafla."
"II. KAFLI","Mannréttindi og náttúra",3,6,1,1,"Jafnræði","Allir skulu vera jafnir fyrir lögum og njóta mannréttinda án mismununar, svo sem vegna kynferðis, aldurs, arfgerðar, búsetu, efnahags, fötlunar, kynhneigðar, kynþáttar, litarháttar, skoðana, stjórnmálatengsla, trúarbragða, tungumáls, uppruna, ætternis og stöðu að öðru leyti."
"II. KAFLI","Mannréttindi og náttúra",3,6,2,1,"Jafnræði","Konur og karlar skulu njóta jafns réttar í hvívetna."
"II. KAFLI","Mannréttindi og náttúra",3,7,1,1,"Réttur til lífs","Allir hafa meðfæddan rétt til lífs."
"II. KAFLI","Mannréttindi og náttúra",3,8,1,1,"Mannleg reisn","Öllum skal tryggður réttur til að lifa með reisn."
"II. KAFLI","Mannréttindi og náttúra",3,8,1,2,"Mannleg reisn","Margbreytileiki mannlífsins skal virtur í hvívetna."
"II. KAFLI","Mannréttindi og náttúra",3,9,1,1,"Vernd mannréttinda","Stjórnvöldum ber ætíð að vernda almenning gegn mannréttindabrotum, hvort heldur sem brotin eru af völdum handhafa ríkisvalds eða annarra."
"II. KAFLI","Mannréttindi og náttúra",3,9,2,1,"Vernd mannréttinda","Mannréttindi tryggð með stjórnarskrá þessari má því aðeins skerða að það sé gert með lagaheimild í þágu almannahagsmuna eða til verndar réttindum annarra svo sem samræmist lýðræðishefðum."
"II. KAFLI","Mannréttindi og náttúra",3,9,2,2,"Vernd mannréttinda","Gæta skal meðalhófs og þess að ekki sé með takmörkuninni vegið að kjarna þeirra réttinda sem um ræðir."
"II. KAFLI","Mannréttindi og náttúra",3,9,2,3,"Vernd mannréttinda","Réttindi skv. 7. gr., 1. málsl. 8. gr., 27. gr., 2. og 3. mgr. 28. gr., 29. gr. og 30. gr. má þó aldrei skerða á grundvelli þessa ákvæðis."
"II. KAFLI","Mannréttindi og náttúra",3,10,1,1,"Vernd gegn ofbeldi","Öllum skal tryggð vernd gegn hvers kyns ofbeldi, svo sem kynferðisofbeldi, innan heimilis og utan."
"II. KAFLI","Mannréttindi og náttúra",3,11,1,1,"Friðhelgi einkalífs","Friðhelgi einkalífs, heimilis og fjölskyldu skal tryggð."
"II. KAFLI","Mannréttindi og náttúra",3,11,2,1,"Friðhelgi einkalífs","Ekki má gera líkamsrannsókn eða leit á manni, leit í húsakynnum hans eða munum, nema samkvæmt dómsúrskurði eða sérstakri lagaheimild."
"II. KAFLI","Mannréttindi og náttúra",3,11,2,2,"Friðhelgi einkalífs","Það sama á við um rannsókn á skjölum og póstsendingum, símtölum og öðrum fjarskiptum, svo og hvers konar sambærilega skerðingu á einkalífi manns."
"II. KAFLI","Mannréttindi og náttúra",3,12,1,1,"Réttur barna","Öllum börnum skal tryggð í lögum sú vernd og umönnun sem velferð þeirra krefst."
"II. KAFLI","Mannréttindi og náttúra",3,12,2,1,"Réttur barna","Það sem barni er fyrir bestu skal ávallt hafa forgang þegar teknar eru ákvarðanir í málum sem það varða."
"II. KAFLI","Mannréttindi og náttúra",3,12,3,1,"Réttur barna","Barni skal tryggður réttur til að tjá skoðanir sínar í öllum málum sem það varða og skal tekið réttmætt tillit til skoðana barnsins í samræmi við aldur þess og þroska."
"II. KAFLI","Mannréttindi og náttúra",3,13,1,1,"Eignarréttur","Eignarrétturinn er friðhelgur."
"II. KAFLI","Mannréttindi og náttúra",3,13,1,2,"Eignarréttur","Engan má skylda til að láta af hendi eign sína nema almenningsþörf krefji."
"II. KAFLI","Mannréttindi og náttúra",3,13,1,3,"Eignarréttur","Þarf til þess lagafyrirmæli og komi fullt verð fyrir."
"II. KAFLI","Mannréttindi og náttúra",3,14,1,1,"Tjáningar- og upplýsingafrelsi","Allir eru frjálsir skoðana sinna og eiga rétt á að tjá hugsanir sínar."
"II. KAFLI","Mannréttindi og náttúra",3,14,1,2,"Tjáningar- og upplýsingafrelsi","Öllum er frjálst að leita eftir, taka við og miðla upplýsingum og hugmyndum."
"II. KAFLI","Mannréttindi og náttúra",3,14,2,1,"Tjáningar- og upplýsingafrelsi","Ritskoðun og aðrar sambærilegar tálmanir á tjáningarfrelsi má aldrei í lög leiða en ábyrgjast verða menn tjáningu sína lögum samkvæmt."
"II. KAFLI","Mannréttindi og náttúra",3,15,1,1,"Upplýsingaréttur","Allir hafa rétt til aðgangs að opinberum gögnum."
"II. KAFLI","Mannréttindi og náttúra",3,15,2,1,"Upplýsingaréttur","Meðferð opinbers valds og hagsmuna skal vera gegnsæ og skal halda til haga gögnum, svo sem fundargerðum, og skrásetja og skjalfesta erindi, uppruna þeirra, ferli og afdrif."
"II. KAFLI","Mannréttindi og náttúra",3,15,2,2,"Upplýsingaréttur","Slíkum gögnum má ekki eyða nema samkvæmt lögum."
"II. KAFLI","Mannréttindi og náttúra",3,15,3,1,"Upplýsingaréttur","Í því skyni að auðvelda almenningi upplýsingaleit skal skrá yfir mál og opinber gögn, uppruna þeirra og innihald, vera aðgengileg eftir því sem nánar er ákveðið í lögum."
"II. KAFLI","Mannréttindi og náttúra",3,15,3,2,"Upplýsingaréttur","Taka skal afstöðu til upplýsingabeiðna eins skjótt og auðið er og skal synjun um aðgang rökstudd."
"II. KAFLI","Mannréttindi og náttúra",3,15,3,3,"Upplýsingaréttur","Í lögum skal kveða á um hvenær hömlur á aðgangi að tilteknum flokkum gagna falla niður og skal sá tímafrestur ekki vera lengri en nauðsyn krefur."
"II. KAFLI","Mannréttindi og náttúra",3,15,3,4,"Upplýsingaréttur","Heimilt er í lögum að takmarka aðgang að vinnuskjölum enda sé ekki gengið lengra en þörf krefur til að varðveita eðlileg starfsskilyrði opinberra aðila."
"II. KAFLI","Mannréttindi og náttúra",3,15,4,1,"Upplýsingaréttur","Í stjórnsýslu ríkis og sveitarfélaga er eingöngu heimilt að leggja á þagnarskyldu um upplýsingar á grundvelli laga enda sé það nauðsynlegt til verndar lögmætum opinberum hagsmunum eða einkahagsmunum."
"II. KAFLI","Mannréttindi og náttúra",3,15,4,2,"Upplýsingaréttur","Undir þagnarskyldu falla ekki upplýsingar um lögbrot í starfsemi stjórnvalda."
"II. KAFLI","Mannréttindi og náttúra",3,16,1,1,"Frjáls og upplýst þjóðfélagsumræða","Tryggja skal með lögum frelsi og sjálfstæði fjölmiðla."
"II. KAFLI","Mannréttindi og náttúra",3,16,2,1,"Frjáls og upplýst þjóðfélagsumræða","Trúnaðarsamband blaðamanna við heimildarmenn skal njóta verndar í lögum."
"II. KAFLI","Mannréttindi og náttúra",3,16,2,2,"Frjáls og upplýst þjóðfélagsumræða","Óheimilt er að rjúfa nafnleynd án samþykkis þess sem veitir upplýsingar nema við meðferð sakamáls og samkvæmt dómsúrskurði."
"II. KAFLI","Mannréttindi og náttúra",3,16,2,3,"Frjáls og upplýst þjóðfélagsumræða","Tryggja skal fjölbreytni og fjölræði í fjölmiðlun, gegnsæi eignarhalds og aðstæður að öðru leyti sem stuðla að frjálsri og upplýstri þjóðfélagsumræðu."
"II. KAFLI","Mannréttindi og náttúra",3,17,1,1,"Frelsi menningar og mennta","Tryggja skal með lögum frelsi vísinda, fræða og lista."
"II. KAFLI","Mannréttindi og náttúra",3,18,1,1,"Trú- og sannfæringarfrelsi","Öllum skal tryggður réttur til trúar, lífsskoðunar og sannfæringar, þ.m.t. rétturinn til að breyta um trú eða sannfæringu og standa utan trúfélaga."
"II. KAFLI","Mannréttindi og náttúra",3,18,2,1,"Trú- og sannfæringarfrelsi","Öllum er frjálst að iðka trú eða lífsskoðun, einslega eða í samfélagi með öðrum, opinberlega eða á einkavettvangi."
"II. KAFLI","Mannréttindi og náttúra",3,19,1,1,"Kirkjuskipun","Hin evangelíska lúterska kirkja skal vera þjóðkirkja á Íslandi og skal ríkisvaldið að því leyti styðja hana og vernda."
"II. KAFLI","Mannréttindi og náttúra",3,19,2,1,"Kirkjuskipun","Breyta má þessu með lögum."
"II. KAFLI","Mannréttindi og náttúra",3,19,3,1,"Kirkjuskipun","Nú samþykkir Alþingi breytingu á kirkjuskipun ríkisins skv. 2. mgr. og skal þá leggja það mál undir atkvæði allra kosningarbærra manna í landinu til samþykktar eða synjunar."
"II. KAFLI","Mannréttindi og náttúra",3,19,3,2,"Kirkjuskipun","Atkvæðagreiðslan skal vera leynileg."
"II. KAFLI","Mannréttindi og náttúra",3,20,1,1,"Félagafrelsi","Öllum skal tryggður réttur til að mynda félög í löglegum tilgangi, þ.m.t. stjórnmálafélög og stéttarfélög, án þess að sækja um leyfi til þess."
"II. KAFLI","Mannréttindi og náttúra",3,20,1,2,"Félagafrelsi","Félag má ekki leysa upp með ráðstöfun stjórnvalds."
"II. KAFLI","Mannréttindi og náttúra",3,20,2,1,"Félagafrelsi","Engan má skylda til aðildar að félagi."
"II. KAFLI","Mannréttindi og náttúra",3,21,1,1,"Fundafrelsi","Öllum skal tryggður réttur til að safnast saman án sérstaks leyfis, svo sem til fundarhalda og mótmæla."
"II. KAFLI","Mannréttindi og náttúra",3,22,1,1,"Félagsleg réttindi","Öllum skal með lögum tryggður réttur til lífsviðurværis og félagslegs öryggis."
"II. KAFLI","Mannréttindi og náttúra",3,22,2,1,"Félagsleg réttindi","Öllum sem þess þurfa skal tryggður í lögum réttur til almannatrygginga og félagslegrar aðstoðar, svo sem vegna atvinnuleysis, barneigna, elli, fátæktar, fötlunar, veikinda, örorku eða sambærilegra aðstæðna."
"II. KAFLI","Mannréttindi og náttúra",3,23,1,1,"Heilsa og heilbrigðisþjónusta","Allir eiga rétt til að njóta andlegrar og líkamlegrar heilsu að hæsta marki sem unnt er."
"II. KAFLI","Mannréttindi og náttúra",3,23,2,1,"Heilsa og heilbrigðisþjónusta","Öllum skal með lögum tryggður réttur til aðgengilegrar, viðeigandi og fullnægjandi heilbrigðisþjónustu."
"II. KAFLI","Mannréttindi og náttúra",3,24,1,1,"Menntun","Öllum skal tryggður í lögum réttur til almennrar menntunar og fræðslu við sitt hæfi."
"II. KAFLI","Mannréttindi og náttúra",3,24,2,1,"Menntun","Öllum þeim sem skólaskylda nær til skal standa til boða menntun án endurgjalds."
"II. KAFLI","Mannréttindi og náttúra",3,24,3,1,"Menntun","Menntun skal miða að alhliða þroska hvers og eins, gagnrýninni hugsun og vitund um mannréttindi, lýðræðisleg réttindi og skyldur."
"II. KAFLI","Mannréttindi og náttúra",3,24,4,1,"Menntun","Virða skal rétt foreldra til þess að tryggja að menntun barna þeirra sé í samræmi við trúar- og lífsskoðanir þeirra."
"II. KAFLI","Mannréttindi og náttúra",3,25,1,1,"Atvinnufrelsi","Öllum er frjálst að stunda þá atvinnu sem þeir kjósa."
"II. KAFLI","Mannréttindi og náttúra",3,25,2,1,"Atvinnufrelsi","Í lögum skal kveða á um rétt til mannsæmandi vinnuskilyrða, svo sem hvíldar, orlofs og frítíma."
"II. KAFLI","Mannréttindi og náttúra",3,25,2,2,"Atvinnufrelsi","Öllum skal tryggður réttur til sanngjarnra launa og til að semja um starfskjör og önnur réttindi tengd vinnu."
"II. KAFLI","Mannréttindi og náttúra",3,26,1,1,"Dvalarréttur og ferðafrelsi","Allir sem dveljast löglega í landinu skulu ráða búsetu sinni og vera frjálsir ferða sinna."
"II. KAFLI","Mannréttindi og náttúra",3,26,2,1,"Dvalarréttur og ferðafrelsi","Engum verður meinað að hverfa úr landi nema með ákvörðun dómstóla."
"II. KAFLI","Mannréttindi og náttúra",3,26,2,2,"Dvalarréttur og ferðafrelsi","Stöðva má þó brottför manns úr landi með lögmætri handtöku."
"II. KAFLI","Mannréttindi og náttúra",3,26,3,1,"Dvalarréttur og ferðafrelsi","Með lögum skal skipað rétti útlendinga til að koma til landsins og dveljast hér, svo og fyrir hvaða sakir sé hægt að vísa þeim úr landi."
"II. KAFLI","Mannréttindi og náttúra",3,26,3,2,"Dvalarréttur og ferðafrelsi","Með lögum skal einnig kveða á um rétt flóttamanna og hælisleitenda sem gætu átt á hættu að sæta dauðarefsingu, pyndingum eða annarri ómannúðlegri eða vanvirðandi meðferð eða refsingu til réttlátrar málsmeðferðar innan hæfilegs tíma."
"II. KAFLI","Mannréttindi og náttúra",3,27,1,1,"Frelsissvipting","Engan má svipta frelsi nema samkvæmt heimild í lögum eftir sakfellingu fyrir dómi eða vegna annarra refsivörsluástæðna, réttarvörslu, barnaverndar, verndar gegn útbreiðslu smitsjúkdóma, geðraskana, áfengis- eða eiturlyfjafíknar, landamæragæslu og framsals sakamanna."
"II. KAFLI","Mannréttindi og náttúra",3,27,2,1,"Frelsissvipting","Hver sá sem hefur verið sviptur frelsi á rétt á að fá að vita tafarlaust um ástæður þess."
"II. KAFLI","Mannréttindi og náttúra",3,27,3,1,"Frelsissvipting","Hvern þann sem er handtekinn vegna gruns um refsiverða háttsemi skal án undandráttar leiða fyrir dómara."
"II. KAFLI","Mannréttindi og náttúra",3,27,3,2,"Frelsissvipting","Sé hann ekki jafnskjótt látinn laus skal dómari, áður en sólarhringur er liðinn, ákveða með rökstuddum úrskurði hvort hann skuli sæta gæsluvarðhaldi."
"II. KAFLI","Mannréttindi og náttúra",3,27,3,3,"Frelsissvipting","Gæsluvarðhaldi má aðeins beita fyrir sök sem fangelsisvist liggur við."
"II. KAFLI","Mannréttindi og náttúra",3,27,3,4,"Frelsissvipting","Með lögum skal tryggja rétt þess sem sætir gæsluvarðhaldi til að skjóta úrskurði um það til æðra dóms."
"II. KAFLI","Mannréttindi og náttúra",3,27,3,5,"Frelsissvipting","Maður skal aldrei sæta gæsluvarðhaldi lengur en nauðsyn krefur."
"II. KAFLI","Mannréttindi og náttúra",3,27,4,1,"Frelsissvipting","Hver sá sem af öðrum ástæðum en í tengslum við sakamál er sviptur frelsi á rétt á að dómstóll kveði á um lögmæti þess svo fljótt sem verða má."
"II. KAFLI","Mannréttindi og náttúra",3,27,4,2,"Frelsissvipting","Reynist frelsissvipting ólögmæt skal hann þegar látinn laus."
"II. KAFLI","Mannréttindi og náttúra",3,27,5,1,"Frelsissvipting","Hafi maður verið sviptur frelsi að ósekju skal hann eiga rétt til skaðabóta."
"II. KAFLI","Mannréttindi og náttúra",3,28,1,1,"Réttlát málsmeðferð","Öllum ber réttur til að fá úrlausn um réttindi sín og skyldur eða um ákæru á hendur sér um refsiverða háttsemi með réttlátri málsmeðferð innan hæfilegs tíma fyrir óháðum og óhlutdrægum dómstóli."
"II. KAFLI","Mannréttindi og náttúra",3,28,1,2,"Réttlát málsmeðferð","Dómþing skal háð í heyranda hljóði."
"II. KAFLI","Mannréttindi og náttúra",3,28,2,1,"Réttlát málsmeðferð","Hver sá sem er borinn sökum um refsiverða háttsemi skal talinn saklaus þar til sekt hans hefur verið sönnuð."
"II. KAFLI","Mannréttindi og náttúra",3,28,3,1,"Réttlát málsmeðferð","Enginn skal eiga á hættu að sæta opinberri málsmeðferð eða refsingu að nýju fyrir sama brot innan lögsögu ríkisins og hann hefur þegar verið sakfelldur fyrir eða sýknaður af með endanlegri úrlausn samkvæmt lögum."
"II. KAFLI","Mannréttindi og náttúra",3,28,3,2,"Réttlát málsmeðferð","Endurupptaka mála er þó heimil í samræmi við lög."
"II. KAFLI","Mannréttindi og náttúra",3,29,1,1,"Bann við ómannúðlegri meðferð","Í lögum má aldrei mæla fyrir um dauðarefsingu."
"II. KAFLI","Mannréttindi og náttúra",3,29,2,1,"Bann við ómannúðlegri meðferð","Engan má beita pyndingum né annarri ómannúðlegri eða vanvirðandi meðferð eða refsingu."
"II. KAFLI","Mannréttindi og náttúra",3,29,3,1,"Bann við ómannúðlegri meðferð","Nauðungarvinnu skal engum gert að leysa af hendi."
"II. KAFLI","Mannréttindi og náttúra",3,30,1,1,"Bann við afturvirkni refsiákvæða","Engum verður gert að sæta refsingu nema hann hafi gerst sekur um háttsemi sem var refsiverð samkvæmt lögum þegar hún átti sér stað eða má fullkomlega jafna til þeirrar háttsemi."
"II. KAFLI","Mannréttindi og náttúra",3,30,1,2,"Bann við afturvirkni refsiákvæða","Viðurlög mega ekki verða þyngri en þá voru leyfð í lögum."
"II. KAFLI","Mannréttindi og náttúra",3,31,1,1,"Bann við herskyldu","Herskyldu má aldrei í lög leiða."
"II. KAFLI","Mannréttindi og náttúra",3,32,1,1,"Menningarverðmæti","Dýrmætar þjóðareignir sem heyra til íslenskum menningararfi, svo sem þjóðminjar og fornhandrit, má hvorki eyðileggja né afhenda til eignar eða varanlegra afnota, selja eða veðsetja."
"II. KAFLI","Mannréttindi og náttúra",3,33,1,1,"Náttúra Íslands og umhverfi","Náttúra Íslands er undirstaða lífs í landinu."
"II. KAFLI","Mannréttindi og náttúra",3,33,1,2,"Náttúra Íslands og umhverfi","Öllum ber að virða hana og vernda."
"II. KAFLI","Mannréttindi og náttúra",3,33,1,3,"Náttúra Íslands og umhverfi","Í því felst að fjölbreytni lands og lífríkis sé viðhaldið og náttúruminjar, óbyggð víðerni, gróður og jarðvegur njóti verndar."
"II. KAFLI","Mannréttindi og náttúra",3,33,1,4,"Náttúra Íslands og umhverfi","Fyrri spjöll skulu bætt eftir föngum."
"II. KAFLI","Mannréttindi og náttúra",3,33,2,1,"Náttúra Íslands og umhverfi","Öllum skal með lögum tryggður réttur á heilnæmu umhverfi, fersku vatni, ómenguðu andrúmslofti og óspilltri náttúru."
"II. KAFLI","Mannréttindi og náttúra",3,33,3,1,"Náttúra Íslands og umhverfi","Nýtingu náttúrugæða skal haga þannig að þau skerðist sem minnst til langframa og gildi náttúrunnar og hagsmunir komandi kynslóða séu virt."
"II. KAFLI","Mannréttindi og náttúra",3,33,4,1,"Náttúra Íslands og umhverfi","Með lögum skal tryggja rétt almennings til að fara um landið í lögmætum tilgangi með virðingu fyrir náttúru og umhverfi."
"II. KAFLI","Mannréttindi og náttúra",3,34,1,1,"Náttúruauðlindir","Auðlindir í náttúru Íslands sem ekki eru háðar einkaeignarrétti eru sameiginleg og ævarandi eign þjóðarinnar."
"II. KAFLI","Mannréttindi og náttúra",3,34,1,2,"Náttúruauðlindir","Enginn getur fengið þær eða réttindi tengd þeim til eignar eða varanlegra afnota og aldrei má selja þær eða veðsetja."
"II. KAFLI","Mannréttindi og náttúra",3,34,2,1,"Náttúruauðlindir","Til þjóðareignar skv. 1. mgr. teljast nytjastofnar og aðrar auðlindir hafs og hafsbotns innan íslenskrar lögsögu utan netlaga, vatn og önnur þau náttúrugæði sem ekki eru háð einkaeignarrétti, svo sem vatnsafl, jarðhiti og jarðefni í þjóðlendum."
"II. KAFLI","Mannréttindi og náttúra",3,34,2,2,"Náttúruauðlindir","Í eignarlöndum takmarkast réttur eigenda til auðlinda undir yfirborði jarðar við venjulega hagnýtingu fasteignar."
"II. KAFLI","Mannréttindi og náttúra",3,34,3,1,"Náttúruauðlindir","Við nýtingu auðlindanna skal hafa sjálfbæra þróun og almannahag að leiðarljósi."
"II. KAFLI","Mannréttindi og náttúra",3,34,4,1,"Náttúruauðlindir","Stjórnvöld bera, ásamt þeim sem nýta auðlindirnar, ábyrgð á vernd þeirra."
"II. KAFLI","Mannréttindi og náttúra",3,34,4,2,"Náttúruauðlindir","Stjórnvöld geta á grundvelli laga veitt leyfi til afnota eða hagnýtingar auðlinda, sem og annarra takmarkaðra almannagæða, gegn fullu gjaldi og til tiltekins hóflegs tíma í senn."
"II. KAFLI","Mannréttindi og náttúra",3,34,4,3,"Náttúruauðlindir","Slík leyfi skal veita á jafnræðisgrundvelli og þau leiða aldrei til eignar eða óafturkallanlegs forræðis."
"II. KAFLI","Mannréttindi og náttúra",3,35,1,1,"Upplýsingar um umhverfi og málsaðild","Stjórnvöldum ber að upplýsa almenning um ástand umhverfis og náttúru og áhrif framkvæmda þar á."
"II. KAFLI","Mannréttindi og náttúra",3,35,1,2,"Upplýsingar um umhverfi og málsaðild","Stjórnvöld og aðrir skulu upplýsa um aðsteðjandi náttúruvá, svo sem umhverfismengun."
"II. KAFLI","Mannréttindi og náttúra",3,35,2,1,"Upplýsingar um umhverfi og málsaðild","Með lögum skal tryggja almenningi aðgang að undirbúningi ákvarðana sem hafa umtalsverð áhrif á umhverfi og náttúru, svo og heimild til að leita til hlutlausra úrskurðaraðila."
"II. KAFLI","Mannréttindi og náttúra",3,35,3,1,"Upplýsingar um umhverfi og málsaðild","Við töku ákvarðana um náttúru Íslands og umhverfi skulu stjórnvöld byggja á meginreglum umhverfisréttar."
"II. KAFLI","Mannréttindi og náttúra",3,36,1,1,"Dýravernd","Með lögum skal kveðið á um vernd dýra gegn illri meðferð og vernd dýrategunda í útrýmingarhættu."
"III. KAFLI","Alþingi",4,37,1,1,"Hlutverk","Alþingi fer með löggjafarvald og fjárstjórnarvald ríkisins og hefur eftirlit með framkvæmdarvaldinu svo sem nánar er mælt fyrir um í stjórnarskrá þessari og öðrum lögum."
"III. KAFLI","Alþingi",4,38,1,1,"Friðhelgi","Alþingi er friðheilagt."
"III. KAFLI","Alþingi",4,38,1,2,"Friðhelgi","Enginn má raska friði þess né frelsi."
"III. KAFLI","Alþingi",4,39,1,1,"Alþingiskosningar","Á Alþingi eiga sæti 63 þjóðkjörnir þingmenn, kosnir leynilegri kosningu til fjögurra ára."
"III. KAFLI","Alþingi",4,39,2,1,"Alþingiskosningar","Atkvæði kjósenda alls staðar á landinu vega jafnt."
"III. KAFLI","Alþingi",4,39,3,1,"Alþingiskosningar","Heimilt er að skipta landinu upp í kjördæmi, flest átta."
"III. KAFLI","Alþingi",4,39,4,1,"Alþingiskosningar","Stjórnmálasamtökum skal heimilt að bjóða fram kjördæmislista og landslista."
"III. KAFLI","Alþingi",4,39,4,2,"Alþingiskosningar","Frambjóðandi má vera á landslista og kjördæmislista sömu samtaka."
"III. KAFLI","Alþingi",4,39,5,1,"Alþingiskosningar","Kjósandi skal geta valið frambjóðendur af listum í sínu kjördæmi og af landslistum."
"III. KAFLI","Alþingi",4,39,5,2,"Alþingiskosningar","Kjósi hann heldur lista hefur hann valið alla frambjóðendur listans jafnt."
"III. KAFLI","Alþingi",4,39,5,3,"Alþingiskosningar","Heimilt er í lögum að einskorða valið við lista sömu samtaka."
"III. KAFLI","Alþingi",4,39,6,1,"Alþingiskosningar","Þingsætum skal úthluta til stjórnmálasamtaka í sem fyllstu samræmi við atkvæði greidd listum og frambjóðendum samtakanna."
"III. KAFLI","Alþingi",4,39,7,1,"Alþingiskosningar","Úthluta skal þingsætum til frambjóðenda út frá atkvæðastyrk þeirra."
"III. KAFLI","Alþingi",4,39,8,1,"Alþingiskosningar","Binda má allt að þrjátíu þingsæti við kjördæmi."
"III. KAFLI","Alþingi",4,39,8,2,"Alþingiskosningar","Þó skulu kjósendur á kjörskrá að baki hverju bundnu sæti ekki vera færri en eru að meðaltali að baki hverju þingsæti á landinu."
"III. KAFLI","Alþingi",4,39,9,1,"Alþingiskosningar","Í kosningalögum skal stuðla að sem jöfnustu hlutfalli kvenna og karla á Alþingi."
"III. KAFLI","Alþingi",4,39,10,1,"Alþingiskosningar","Breytingar á kjördæmamörkum, tilhögun á úthlutun þingsæta og reglum um framboð verða aðeins gerðar með samþykki 2/3 hluta atkvæða á Alþingi."
"III. KAFLI","Alþingi",4,39,10,2,"Alþingiskosningar","Slíkar lagabreytingar öðlast ekki gildi fyrr en sex mánuðir eru liðnir frá setningu þeirra."
"III. KAFLI","Alþingi",4,39,11,1,"Alþingiskosningar","Nánari reglur um alþingiskosningar skulu settar í lögum."
"III. KAFLI","Alþingi",4,40,1,1,"Kjörtímabil","Reglulegar alþingiskosningar skulu fara fram eigi síðar en við lok kjörtímabils."
"III. KAFLI","Alþingi",4,40,2,1,"Kjörtímabil","Kjörtímabil er fjögur ár."
"III. KAFLI","Alþingi",4,40,3,1,"Kjörtímabil","Upphaf og lok kjörtímabils miðast við sama vikudag í mánuði, talið frá mánaðamótum."
"III. KAFLI","Alþingi",4,41,1,1,"Kosningarréttur","Kosningarrétt við kosningar til Alþingis hafa allir sem eru 18 ára eða eldri þegar kosning fer fram og hafa íslenskan ríkisborgararétt."
"III. KAFLI","Alþingi",4,41,1,2,"Kosningarréttur","Lögheimili á Íslandi, þegar kosning fer fram, er einnig skilyrði kosningarréttar, nema undantekningar frá þeirri reglu verði ákveðnar í lögum um kosningar til Alþingis."
"III. KAFLI","Alþingi",4,42,1,1,"Kjörgengi","Kjörgengur við kosningar til Alþingis er hver sá ríkisborgari sem kosningarrétt á til þeirra og hefur óflekkað mannorð."
"III. KAFLI","Alþingi",4,42,2,1,"Kjörgengi","Hæstaréttardómarar eru þó ekki kjörgengir."
"III. KAFLI","Alþingi",4,42,3,1,"Kjörgengi","Glati alþingismaður kjörgengi missir hann þann rétt sem þingkosningin veitti honum."
"III. KAFLI","Alþingi",4,42,3,2,"Kjörgengi","Varamaður tekur þá sæti hans á þingi."
"III. KAFLI","Alþingi",4,43,1,1,"Gildi kosninga","Alþingi kýs landskjörstjórn til þess að úrskurða um gildi forsetakosningar, kosninga til Alþingis og þjóðaratkvæðagreiðslna."
"III. KAFLI","Alþingi",4,43,2,1,"Gildi kosninga","Landskjörstjórn gefur út kjörbréf forseta og alþingismanna og úrskurðar hvort þingmaður hafi misst kjörgengi."
"III. KAFLI","Alþingi",4,43,2,2,"Gildi kosninga","Um störf landskjörstjórnar fer eftir nánari fyrirmælum í lögum."
"III. KAFLI","Alþingi",4,43,3,1,"Gildi kosninga","Úrskurðum landskjörstjórnar um gildi forsetakosningar og kosninga til Alþingis er heimilt að skjóta til Hæstaréttar Íslands eftir því sem nánar er mælt fyrir um í lögum."
"III. KAFLI","Alþingi",4,43,3,2,"Gildi kosninga","Öðrum úrskurðum landskjörstjórnar verður skotið til dómstóla eftir almennum reglum."
"III. KAFLI","Alþingi",4,44,1,1,"Starfstími","Alþingi kemur saman eigi síðar en tveimur vikum eftir hverjar alþingiskosningar."
"III. KAFLI","Alþingi",4,44,2,1,"Starfstími","Í lögum skal kveðið á um samkomudag reglulegs Alþingis og skiptingu starfstíma þess í löggjafarþing."
"III. KAFLI","Alþingi",4,45,1,1,"Samkomustaður","Alþingi kemur að jafnaði saman í Reykjavík en getur þó ákveðið að koma saman á öðrum stað."
"III. KAFLI","Alþingi",4,46,1,1,"Þingsetning","Forseti Íslands stefnir saman Alþingi að loknum alþingiskosningum og setur reglulegt Alþingi ár hvert."
"III. KAFLI","Alþingi",4,46,2,1,"Þingsetning","Forseti stefnir einnig saman og setur Alþingi að tillögu forseta þess eða fjórðungs þingmanna."
"III. KAFLI","Alþingi",4,47,1,1,"Eiðstafur alþingismanna","Sérhver nýr alþingismaður undirritar eiðstaf að stjórnarskránni þegar kosning hans hefur verið tekin gild."
"III. KAFLI","Alþingi",4,48,1,1,"Sjálfstæði alþingismanna","Alþingismenn eru eingöngu bundnir við sannfæringu sína en ekki við nein fyrirmæli frá öðrum."
"III. KAFLI","Alþingi",4,49,1,1,"Friðhelgi alþingismanna","Ekki má setja alþingismann í gæsluvarðhald eða höfða sakamál á hendur honum án samþykkis þingsins nema hann sé staðinn að glæp."
"III. KAFLI","Alþingi",4,49,2,1,"Friðhelgi alþingismanna","Hvorki alþingismaður né ráðherra verður krafinn reikningsskapar utan þings fyrir það sem hann hefur sagt í þinginu nema Alþingi leyfi."
"III. KAFLI","Alþingi",4,49,3,1,"Friðhelgi alþingismanna","Alþingismanni og ráðherra er heimilt að afsala sér friðhelgi skv. 1. og 2. mgr."
"III. KAFLI","Alþingi",4,50,1,1,"Hagsmunaskráning og vanhæfi","Alþingismanni er óheimilt að taka þátt í meðferð þingmáls sem varðar sérstaka og verulega hagsmuni hans eða honum nákominna."
"III. KAFLI","Alþingi",4,50,1,2,"Hagsmunaskráning og vanhæfi"," Um hæfi þingmanna skal nánar mælt fyrir í lögum."
"III. KAFLI","Alþingi",4,50,1,3,"Hagsmunaskráning og vanhæfi","Vanhæfi þingmanns hefur ekki áhrif á gildi settra laga."
"III. KAFLI","Alþingi",4,50,2,1,"Hagsmunaskráning og vanhæfi","Í lögum skal kveðið á um skyldu alþingismanna til að veita upplýsingar um fjárhagslega hagsmuni sína."
"III. KAFLI","Alþingi",4,51,1,1,"Styrkir til frambjóðenda og samtaka þeirra","Í lögum skal kveðið á um starfsemi stjórnmálasamtaka, svo og um fjármál frambjóðenda í því skyni að halda kostnaði í hófi, tryggja gegnsæi og takmarka auglýsingar í kosningabaráttu."
"III. KAFLI","Alþingi",4,51,2,1,"Styrkir til frambjóðenda og samtaka þeirra","Upplýsingar um framlög yfir ákveðinni lágmarksupphæð skulu birtar samkvæmt nánari fyrirmælum í lögum."
"III. KAFLI","Alþingi",4,52,1,1,"Þingforseti","Alþingi kýs sér forseta með 2/3 hlutum atkvæða í upphafi hvers kjörtímabils."
"III. KAFLI","Alþingi",4,52,1,2,"Þingforseti","Sitji forseti ekki út kjörtímabil skal sami háttur hafður á við kosningu nýs forseta."
"III. KAFLI","Alþingi",4,52,2,1,"Þingforseti","Forseti stýrir störfum Alþingis."
"III. KAFLI","Alþingi",4,52,2,2,"Þingforseti","Hann ber ábyrgð á rekstri þingsins og hefur æðsta vald í stjórnsýslu þess."
"III. KAFLI","Alþingi",4,52,2,3,"Þingforseti","Með forseta starfa varaforsetar sem eru staðgenglar hans og mynda ásamt honum forsætisnefnd."
"III. KAFLI","Alþingi",4,52,2,4,"Þingforseti","Um kosningu þeirra skal mælt fyrir í lögum."
"III. KAFLI","Alþingi",4,52,3,1,"Þingforseti","Kjörinn forseti Alþingis lætur af almennum þingstörfum og hefur ekki atkvæðisrétt."
"III. KAFLI","Alþingi",4,52,3,2,"Þingforseti","Varamaður hans tekur sæti á þingi á meðan hann gegnir embættinu."
"III. KAFLI","Alþingi",4,53,1,1,"Þingsköp","Þingsköp Alþingis skulu sett með lögum."
"III. KAFLI","Alþingi",4,54,1,1,"Þingnefndir","Alþingi kýs fastanefndir til að fjalla um þingmál."
"III. KAFLI","Alþingi",4,54,2,1,"Þingnefndir","Um störf þingnefnda skal mælt fyrir í lögum."
"III. KAFLI","Alþingi",4,55,1,1,"Opnir fundir","Fundir Alþingis eru haldnir í heyranda hljóði."
"III. KAFLI","Alþingi",4,55,2,1,"Opnir fundir","Þingnefnd getur ákveðið að fundur hennar sé opinn almenningi."
"III. KAFLI","Alþingi",4,56,1,1,"Flutningur þingmála","Alþingismenn hafa rétt til að flytja frumvörp til laga, tillögur til ályktana og önnur þingmál."
"III. KAFLI","Alþingi",4,56,2,1,"Flutningur þingmála","Ráðherrar geta lagt fyrir Alþingi frumvörp til laga og tillögur til ályktana sem ríkisstjórn hefur samþykkt."
"III. KAFLI","Alþingi",4,57,1,1,"Meðferð lagafrumvarpa","Lagafrumvarp má ekki samþykkja fyrr en eftir minnst tvær umræður á Alþingi."
"III. KAFLI","Alþingi",4,57,2,1,"Meðferð lagafrumvarpa","Mat á áhrifum lagasetningar skal fylgja frumvörpum samkvæmt nánari ákvæðum í lögum."
"III. KAFLI","Alþingi",4,57,3,1,"Meðferð lagafrumvarpa","Frumvörp sem hafa ekki hlotið lokaafgreiðslu falla niður við lok kjörtímabils."
"III. KAFLI","Alþingi",4,58,1,1,"Meðferð þingsályktunartillagna og annarra þingmála","Tillögu til þingsályktunar má ekki samþykkja fyrr en eftir tvær umræður á Alþingi."
"III. KAFLI","Alþingi",4,58,2,1,"Meðferð þingsályktunartillagna og annarra þingmála","Tillögur til þingsályktana sem hafa ekki hlotið lokaafgreiðslu falla niður við lok löggjafarþings."
"III. KAFLI","Alþingi",4,58,3,1,"Meðferð þingsályktunartillagna og annarra þingmála","Tillögur um þingrof eða vantraust á ráðherra eru ræddar og afgreiddar við eina umræðu."
"III. KAFLI","Alþingi",4,58,4,1,"Meðferð þingsályktunartillagna og annarra þingmála","Að öðru leyti skal kveðið á um meðferð þingmála í lögum."
"III. KAFLI","Alþingi",4,59,1,1,"Ályktunarbærni","Alþingi getur því aðeins gert samþykkt um mál að meira en helmingur þingmanna sé á fundi og taki þátt í atkvæðagreiðslu."
"III. KAFLI","Alþingi",4,60,1,1,"Staðfesting laga","Þegar Alþingi hefur samþykkt frumvarp til laga undirritar forseti Alþingis það og leggur innan tveggja vikna fyrir forseta Íslands til staðfestingar og veitir undirskrift hans því lagagildi."
"III. KAFLI","Alþingi",4,60,2,1,"Staðfesting laga","Forseti Íslands getur ákveðið innan viku frá móttöku frumvarps að synja því staðfestingar."
"III. KAFLI","Alþingi",4,60,2,2,"Staðfesting laga","Skal sú ákvörðun vera rökstudd og tilkynnt forseta Alþingis."
"III. KAFLI","Alþingi",4,60,2,3,"Staðfesting laga","Frumvarpið fær þá engu síður lagagildi en innan þriggja mánaða skal bera lögin undir þjóðaratkvæði til samþykktar eða synjunar."
"III. KAFLI","Alþingi",4,60,2,4,"Staðfesting laga","Einfaldur meiri hluti ræður hvort lögin halda gildi sínu."
"III. KAFLI","Alþingi",4,60,2,5,"Staðfesting laga","Atkvæðagreiðsla fer þó ekki fram felli Alþingi lögin úr gildi innan fimm daga frá synjun forseta."
"III. KAFLI","Alþingi",4,60,2,6,"Staðfesting laga","Um framkvæmd þjóðaratkvæðagreiðslu skal að öðru leyti mælt fyrir í lögum."
"III. KAFLI","Alþingi",4,61,1,1,"Birting laga","Birta skal lög, stjórnvaldsfyrirmæli og þjóðréttarsamninga sem ríkið hefur fullgilt."
"III. KAFLI","Alþingi",4,61,1,2,"Birting laga","Lögum og stjórnvaldsfyrirmælum má ekki beita fyrr en eftir birtingu þeirra."
"III. KAFLI","Alþingi",4,61,1,3,"Birting laga","Óbirt lög binda þó stjórnvöld frá gildistöku þeirra."
"III. KAFLI","Alþingi",4,61,1,4,"Birting laga","Um birtingarhátt og gildistöku fer að lögum."
"III. KAFLI","Alþingi",4,62,1,1,"Lögrétta","Alþingi kýs í Lögréttu fimm menn til fimm ára."
"III. KAFLI","Alþingi",4,62,2,1,"Lögrétta","Þingnefnd eða fjórðungur alþingismanna getur óskað eftir áliti Lögréttu um hvort frumvarp til laga samrýmist stjórnarskrá og þjóðréttarlegum skuldbindingum ríkisins."
"III. KAFLI","Alþingi",4,62,2,2,"Lögrétta","Ekki má afgreiða frumvarpið fyrr en álit Lögréttu liggur fyrir."
"III. KAFLI","Alþingi",4,62,3,1,"Lögrétta","Um Lögréttu skal nánar mælt fyrir í lögum."
"III. KAFLI","Alþingi",4,63,1,1,"Stjórnskipunar- og eftirlitsnefnd","Stjórnskipunar- og eftirlitsnefnd Alþingis kannar hvers kyns athafnir og ákvarðanir ráðherra eða stjórnsýslu þeirra eftir því sem hún telur efni til."
"III. KAFLI","Alþingi",4,63,1,2,"Stjórnskipunar- og eftirlitsnefnd","Nefndinni er skylt að hefja slíka könnun að kröfu fjórðungs þingmanna."
"III. KAFLI","Alþingi",4,64,1,1,"Rannsóknarnefndir","Alþingi getur skipað nefndir til að rannsaka mikilvæg mál er varða almenning."
"III. KAFLI","Alþingi",4,64,2,1,"Rannsóknarnefndir","Nánari reglur um hlutverk, rannsóknarheimildir og skipan rannsóknarnefnda skulu settar með lögum."
"III. KAFLI","Alþingi",4,65,1,1,"Málskot til þjóðarinnar","Tíu af hundraði kjósenda geta krafist þjóðaratkvæðis um lög sem Alþingi hefur samþykkt."
"III. KAFLI","Alþingi",4,65,1,2,"Málskot til þjóðarinnar","Kröfuna ber að leggja fram innan þriggja mánaða frá samþykkt laganna."
"III. KAFLI","Alþingi",4,65,1,3,"Málskot til þjóðarinnar","Lögin falla úr gildi ef kjósendur hafna þeim en annars halda þau gildi sínu."
"III. KAFLI","Alþingi",4,65,1,4,"Málskot til þjóðarinnar","Alþingi getur þó ákveðið að fella lögin úr gildi áður en til þjóðaratkvæðis kemur."
"III. KAFLI","Alþingi",4,65,2,1,"Málskot til þjóðarinnar","Þjóðaratkvæðagreiðslan skal fara fram innan árs frá því að krafa kjósenda var lögð fram."
"III. KAFLI","Alþingi",4,66,1,1,"Þingmál að frumkvæði kjósenda","Tveir af hundraði kjósenda geta lagt fram frumvarp til laga eða tillögu til þingsályktunar á Alþingi."
"III. KAFLI","Alþingi",4,66,2,1,"Þingmál að frumkvæði kjósenda","Tíu af hundraði kjósenda geta lagt frumvarp til laga fyrir Alþingi."
"III. KAFLI","Alþingi",4,66,2,2,"Þingmál að frumkvæði kjósenda","Alþingi getur lagt fram gagntillögu í formi annars frumvarps."
"III. KAFLI","Alþingi",4,66,2,3,"Þingmál að frumkvæði kjósenda","Hafi frumvarp kjósenda ekki verið dregið til baka skal bera það undir þjóðaratkvæði, svo og frumvarp Alþingis komi það fram."
"III. KAFLI","Alþingi",4,66,2,4,"Þingmál að frumkvæði kjósenda","Alþingi getur ákveðið að þjóðaratkvæðagreiðslan skuli vera bindandi."
"III. KAFLI","Alþingi",4,66,3,1,"Þingmál að frumkvæði kjósenda","Atkvæðagreiðsla um frumvarp að tillögu kjósenda skal fara fram innan tveggja ára frá því að málið hefur verið afhent Alþingi."
"III. KAFLI","Alþingi",4,67,1,1,"Framkvæmd undirskriftasöfnunar og þjóðaratkvæðagreiðslu","Mál sem er borið undir þjóðaratkvæði að kröfu eða frumkvæði kjósenda samkvæmt ákvæðum 65. og 66. gr. skal varða almannahag."
"III. KAFLI","Alþingi",4,67,1,2,"Framkvæmd undirskriftasöfnunar og þjóðaratkvæðagreiðslu","Á grundvelli þeirra er hvorki hægt að krefjast atkvæðagreiðslu um fjárlög, fjáraukalög, lög sem eru sett til að framfylgja þjóðréttarskuldbindingum né heldur um skattamálefni eða ríkisborgararétt."
"III. KAFLI","Alþingi",4,67,1,3,"Framkvæmd undirskriftasöfnunar og þjóðaratkvæðagreiðslu","Þess skal gætt að frumvarp að tillögu kjósenda samrýmist stjórnarskrá."
"III. KAFLI","Alþingi",4,67,1,4,"Framkvæmd undirskriftasöfnunar og þjóðaratkvæðagreiðslu","Rísi ágreiningur um hvort mál uppfylli framangreind skilyrði skera dómstólar þar úr."
"III. KAFLI","Alþingi",4,67,2,1,"Framkvæmd undirskriftasöfnunar og þjóðaratkvæðagreiðslu","Í lögum skal kveðið á um framkvæmd málskots eða frumkvæðis kjósenda, svo sem um form og fyrirsvar fyrir kröfunni, tímafrest til söfnunar undirskrifta og um fyrirkomulag þeirra, hverju megi til kosta við kynningu og hvernig afturkalla megi kröfuna að fengnum viðbrögðum Alþingis, svo og um hvernig haga skuli atkvæðagreiðslu."
"III. KAFLI","Alþingi",4,68,1,1,"Frumvarp til fjárlaga","Fyrir hvert reglulegt Alþingi skal, þegar það er saman komið, leggja frumvarp til fjárlaga fyrir það fjárhagsár sem í hönd fer."
"III. KAFLI","Alþingi",4,68,1,2,"Frumvarp til fjárlaga","Skal í frumvarpinu vera fólgin greinargerð um tekjur ríkisins og gjöld eftir því sem nánar er ákveðið í lögum."
"III. KAFLI","Alþingi",4,69,1,1,"Greiðsluheimildir","Enga greiðslu má inna af hendi nema heimild sé til þess í fjárlögum og fjáraukalögum."
"III. KAFLI","Alþingi",4,69,2,1,"Greiðsluheimildir","Að fengnu samþykki fjárlaganefndar Alþingis getur ráðherra þó innt greiðslu af hendi án slíkrar heimildar til að mæta greiðsluskyldu ríkisins vegna ófyrirséðra atvika eða ef almannahagsmunir krefjast þess."
"III. KAFLI","Alþingi",4,69,2,2,"Greiðsluheimildir","Leita skal heimildar fyrir slíkum greiðslum í fjáraukalögum."
"III. KAFLI","Alþingi",4,70,1,1,"Réttur fjárlaganefndar til upplýsinga","Fjárlaganefnd Alþingis getur krafið stofnanir ríkisins, ríkisfyrirtæki og þá aðra sem fá framlög úr ríkissjóði um upplýsingar sem tengjast ráðstöfun þess fjár."
"III. KAFLI","Alþingi",4,71,1,1,"Skattar","Skattamálum skal skipað með lögum. Engan skatt má leggja á né breyta né taka af nema með lögum."
"III. KAFLI","Alþingi",4,71,2,1,"Skattar","Ekki má fela stjórnvöldum ákvörðun um hvort leggja skuli á skatt, breyta honum eða afnema hann."
"III. KAFLI","Alþingi",4,71,3,1,"Skattar","Enginn skattur verður lagður á nema heimild hafi verið fyrir honum í lögum þegar þau atvik urðu sem ráða skattskyldu."
"III. KAFLI","Alþingi",4,72,1,1,"Eignir og skuldbindingar ríkisins","Ekki má taka lán eða undirgangast ábyrgðir sem skuldbinda ríkið nema með lögum."
"III. KAFLI","Alþingi",4,72,2,1,"Eignir og skuldbindingar ríkisins","Stjórnvöldum er óheimilt að ábyrgjast fjárhagslegar skuldbindingar einkaaðila."
"III. KAFLI","Alþingi",4,72,2,2,"Eignir og skuldbindingar ríkisins","Með lögum má þó kveða á um slíka ríkisábyrgð vegna almannahagsmuna."
"III. KAFLI","Alþingi",4,72,3,1,"Eignir og skuldbindingar ríkisins","Ekki má selja eða láta með öðru móti af hendi fasteignir ríkisins né afnotarétt þeirra nema samkvæmt heimild í lögum."
"III. KAFLI","Alþingi",4,72,3,2,"Eignir og skuldbindingar ríkisins","Um ráðstöfun annarra eigna ríkisins fer að lögum."
"III. KAFLI","Alþingi",4,73,1,1,"Þingrof","Forseti Íslands rýfur Alþingi að ályktun þess."
"III. KAFLI","Alþingi",4,73,1,2,"Þingrof","Skal þá efnt til nýrra kosninga eigi fyrr en sex vikum og eigi síðar en níu vikum frá því er forseti gerði kunnugt um þingrofið."
"III. KAFLI","Alþingi",4,73,1,3,"Þingrof","Alþingismenn halda umboði sínu til kjördags."
"III. KAFLI","Alþingi",4,74,1,1,"Ríkisendurskoðun","Alþingi kýs ríkisendurskoðanda til fimm ára."
"III. KAFLI","Alþingi",4,74,1,2,"Ríkisendurskoðun","Hann skal vera sjálfstæður í störfum sínum."
"III. KAFLI","Alþingi",4,74,1,3,"Ríkisendurskoðun","Hann endurskoðar fjárreiður ríkisins, stofnana þess og ríkisfyrirtækja í umboði Alþingis eftir því sem nánar er mælt fyrir um í lögum."
"III. KAFLI","Alþingi",4,74,2,1,"Ríkisendurskoðun","Endurskoðaðan ríkisreikning næstliðins árs ásamt athugasemdum ríkisendurskoðanda skal leggja fyrir Alþingi til samþykktar samhliða frumvarpi til fjárlaga."
"III. KAFLI","Alþingi",4,75,1,1,"Umboðsmaður Alþingis","Alþingi kýs umboðsmann Alþingis til fimm ára."
"III. KAFLI","Alþingi",4,75,1,2,"Umboðsmaður Alþingis","Hann skal vera sjálfstæður í störfum sínum."
"III. KAFLI","Alþingi",4,75,1,3,"Umboðsmaður Alþingis","Hann gætir að rétti borgaranna og hefur eftirlit með stjórnsýslu ríkis og sveitarfélaga."
"III. KAFLI","Alþingi",4,75,1,4,"Umboðsmaður Alþingis","Hann gætir þess að jafnræði sé í heiðri haft í stjórnsýslunni og að hún fari að öðru leyti fram í samræmi við lög og vandaða stjórnsýsluhætti."
"III. KAFLI","Alþingi",4,75,2,1,"Umboðsmaður Alþingis","Ákveði ráðherra eða annað stjórnvald að hlíta ekki sérstökum tilmælum umboðsmanns Alþingis skal tilkynna forseta Alþingis um ákvörðunina."
"III. KAFLI","Alþingi",4,75,3,1,"Umboðsmaður Alþingis","Um starfsemi umboðsmanns Alþingis og hlutverk hans skal nánar mælt fyrir í lögum, þar á meðal um þingmeðferð tilkynninga ráðherra eða annars stjórnvalds skv. 2. mgr."
"IV. KAFLI","Forseti Íslands",5,76,1,1,"Embættisheiti og þjóðkjör","Forseti Íslands er þjóðhöfðingi lýðveldisins."
"IV. KAFLI","Forseti Íslands",5,76,1,2,"Embættisheiti og þjóðkjör","Hann er þjóðkjörinn."
"IV. KAFLI","Forseti Íslands",5,77,1,1,"Kjörgengi","Kjörgengur til forseta er sérhver ríkisborgari sem fullnægir skilyrðum um kjörgengi til Alþingis og er orðinn 35 ára."
"IV. KAFLI","Forseti Íslands",5,78,1,1,"Forsetakjör","Forseti Íslands er kosinn í leynilegri atkvæðagreiðslu þeirra er kosningarrétt hafa til Alþingis."
"IV. KAFLI","Forseti Íslands",5,78,1,2,"Forsetakjör","Forsetaefni skal hafa meðmæli minnst eins af hundraði kosningarbærra manna og mest tveggja af hundraði."
"IV. KAFLI","Forseti Íslands",5,78,1,3,"Forsetakjör","Kjósendur skulu raða frambjóðendum, einum eða fleirum að eigin vali, í forgangsröð."
"IV. KAFLI","Forseti Íslands",5,78,1,4,"Forsetakjör","Sá er best uppfyllir forgangsröðun kjósenda, eftir nánari ákvæðum í lögum, er rétt kjörinn forseti."
"IV. KAFLI","Forseti Íslands",5,78,1,5,"Forsetakjör","Ef aðeins einn maður er í kjöri er hann rétt kjörinn án atkvæðagreiðslu."
"IV. KAFLI","Forseti Íslands",5,78,1,6,"Forsetakjör","Að öðru leyti skal ákvarða með lögum um framboð og kosningu forseta Íslands."
"IV. KAFLI","Forseti Íslands",5,79,1,1,"Kjörtímabil","Kjörtímabil forseta Íslands hefst 1. ágúst og endar 31. júlí að fjórum árum liðnum."
"IV. KAFLI","Forseti Íslands",5,79,1,2,"Kjörtímabil","Forsetakjör fer fram í júní- eða júlímánuði það ár þegar kjörtímabil endar."
"IV. KAFLI","Forseti Íslands",5,79,1,3,"Kjörtímabil","Forseti skal ekki sitja lengur en þrjú kjörtímabil."
"IV. KAFLI","Forseti Íslands",5,80,1,1,"Eiðstafur","Forseti Íslands undirritar svohljóðandi eiðstaf að stjórnarskránni þegar hann tekur við störfum:"
"IV. KAFLI","Forseti Íslands",5,80,1,2,"Eiðstafur","Ég undirrit(uð/aður), …, sem kosin(n) er forseti Íslands um kjörtímabil það er hefst … og lýkur … heiti því, að viðlögðum drengskap mínum og heiðri, að halda stjórnarskrá lýðveldisins Íslands."
"IV. KAFLI","Forseti Íslands",5,81,1,1,"Starfskjör","Forseta Íslands er óheimilt að hafa með höndum önnur launuð störf á meðan hann gegnir embætti."
"IV. KAFLI","Forseti Íslands",5,81,1,2,"Starfskjör","Sama gildir um störf í þágu einkafyrirtækja og opinberra stofnana þótt ólaunuð séu."
"IV. KAFLI","Forseti Íslands",5,81,1,3,"Starfskjör","Ákveða skal með lögum greiðslur af ríkisfé til forseta."
"IV. KAFLI","Forseti Íslands",5,81,1,4,"Starfskjör","Óheimilt er að lækka greiðslur þessar til forseta á meðan kjörtímabil hans stendur."
"IV. KAFLI","Forseti Íslands",5,81,1,5,"Starfskjör","Forseti skipar forsetaritara."
"IV. KAFLI","Forseti Íslands",5,82,1,1,"Staðgengill","Geti forseti Íslands ekki gegnt störfum um sinn vegna heilsufars eða af öðrum ástæðum fer forseti Alþingis með forsetavald á meðan."
"IV. KAFLI","Forseti Íslands",5,83,1,1,"Fráfall","Falli forseti frá, verði varanlega ófær um að gegna starfi eða láti af störfum áður en kjörtímabili er lokið skal kjósa nýjan forseta til 31. júlí á fjórða ári frá kosningu hans."
"IV. KAFLI","Forseti Íslands",5,83,2,1,"Fráfall","Alþingi getur krafist þess með 2/3 hlutum atkvæða að Hæstiréttur Íslands skeri úr um hvort skilyrðum ákvæða 82. gr. og 1. mgr. þessarar greinar sé fullnægt."
"IV. KAFLI","Forseti Íslands",5,83,2,2,"Fráfall","Að kröfu forseta Íslands metur Hæstiréttur hvort forseti geti tekið við störfum að nýju vegna þess að skilyrði 82. gr. eigi ekki lengur við."
"IV. KAFLI","Forseti Íslands",5,84,1,1,"Embættislausn og ábyrgð","Forseta má leysa frá embætti áður en kjörtímabili er lokið ef það er samþykkt með meiri hluta atkvæða við þjóðaratkvæðagreiðslu sem til er stofnað að kröfu Alþingis, enda hafi hún hlotið fylgi 3/4 hluta þingmanna."
"IV. KAFLI","Forseti Íslands",5,84,1,2,"Embættislausn og ábyrgð","Þjóðaratkvæðagreiðslan skal þá fara fram innan tveggja mánaða frá því að krafan um hana var samþykkt á Alþingi og gegnir forseti ekki störfum frá því að Alþingi gerir samþykkt sína þar til úrslit þjóðaratkvæðagreiðslunnar eru kunn."
"IV. KAFLI","Forseti Íslands",5,84,2,1,"Embættislausn og ábyrgð","Forseti Íslands ber lagalega ábyrgð á embættisverkum sínum."
"IV. KAFLI","Forseti Íslands",5,84,2,2,"Embættislausn og ábyrgð","Um ábyrgð hans vegna embættisbrota skal nánar mælt fyrir í lögum en um missi embættis vegna slíkra brota fer eftir 1. mgr."
"IV. KAFLI","Forseti Íslands",5,84,2,3,"Embættislausn og ábyrgð","Forseti Íslands verður ekki sóttur til refsingar nema með samþykki Alþingis."
"IV. KAFLI","Forseti Íslands",5,85,1,1,"Náðun og sakaruppgjöf","Forseti Íslands getur náðað menn og veitt almenna uppgjöf saka að tillögu ráðherra."
"IV. KAFLI","Forseti Íslands",5,85,1,2,"Náðun og sakaruppgjöf","Ráðherra getur hann þó ekki leyst undan refsingu sem dómstólar hafa dæmt vegna ráðherraábyrgðar nema með samþykki Alþingis."
"V. KAFLI","Ráðherrar og ríkisstjórn",6,86,1,1,"Ráðherrar","Ráðherrar eru æðstu handhafar framkvæmdarvalds hver á sínu sviði."
"V. KAFLI","Ráðherrar og ríkisstjórn",6,86,1,2,"Ráðherrar","Þeir bera hver fyrir sig ábyrgð á málefnum ráðuneyta og stjórnsýslu sem undir þá heyrir."
"V. KAFLI","Ráðherrar og ríkisstjórn",6,86,2,1,"Ráðherrar","Geti ráðherra ekki fjallað um mál eða sinnt starfi sínu að öðru leyti vegna vanhæfis eða annarra ástæðna felur forsætisráðherra öðrum ráðherra staðgöngu."
"V. KAFLI","Ráðherrar og ríkisstjórn",6,86,2,2,"Ráðherrar","Forsætisráðherra ákveður með reglum fyrirkomulag staðgöngu þurfi hann sjálfur að víkja sæti eða geti ekki gegnt störfum tímabundið."
"V. KAFLI","Ráðherrar og ríkisstjórn",6,86,3,1,"Ráðherrar","Enginn getur gegnt sama ráðherraembætti lengur en átta ár."
"V. KAFLI","Ráðherrar og ríkisstjórn",6,87,1,1,"Ríkisstjórn","Ráðherrar sitja í ríkisstjórn."
"V. KAFLI","Ráðherrar og ríkisstjórn",6,87,1,2,"Ríkisstjórn","Forsætisráðherra boðar til ríkisstjórnarfunda, stýrir þeim og samhæfir störf ráðherra."
"V. KAFLI","Ráðherrar og ríkisstjórn",6,87,2,1,"Ríkisstjórn","Ríkisstjórnarfundi skal halda um frumvörp og tillögur til Alþingis og önnur mikilvæg stjórnarmálefni og til samráðs um störf og stefnumál ríkisstjórnarinnar."
"V. KAFLI","Ráðherrar og ríkisstjórn",6,87,2,2,"Ríkisstjórn","Þá skal halda ríkisstjórnarfund ef ráðherra óskar þess."
"V. KAFLI","Ráðherrar og ríkisstjórn",6,87,3,1,"Ríkisstjórn","Ríkisstjórn tekur ákvarðanir sameiginlega um mikilvæg eða stefnumarkandi málefni samkvæmt nánari ákvæðum í lögum."
"V. KAFLI","Ráðherrar og ríkisstjórn",6,87,3,2,"Ríkisstjórn","Meiri hluti ráðherra þarf að vera á fundi þegar slíkar ákvarðanir eru teknar."
"V. KAFLI","Ráðherrar og ríkisstjórn",6,87,4,1,"Ríkisstjórn","Stjórnarráð Íslands hefur aðsetur í Reykjavík."
"V. KAFLI","Ráðherrar og ríkisstjórn",6,88,1,1,"Hagsmunaskráning og opinber störf","Ráðherra er óheimilt að hafa með höndum önnur launuð störf á meðan hann gegnir embætti."
"V. KAFLI","Ráðherrar og ríkisstjórn",6,88,1,2,"Hagsmunaskráning og opinber störf","Sama gildir um störf í þágu einkafyrirtækja og opinberra stofnana þótt ólaunuð séu."
"V. KAFLI","Ráðherrar og ríkisstjórn",6,88,2,1,"Hagsmunaskráning og opinber störf","Í lögum skal kveðið á um skyldu ráðherra til að veita upplýsingar um fjárhagslega hagsmuni sína."
"V. KAFLI","Ráðherrar og ríkisstjórn",6,89,1,1,"Ráðherrar og Alþingi","Ráðherrar mæla fyrir frumvörpum og tillögum frá ríkisstjórn, svara fyrirspurnum og taka þátt í umræðum á Alþingi eftir því sem þeir eru til kvaddir en gæta verða þeir þingskapa."
"V. KAFLI","Ráðherrar og ríkisstjórn",6,89,2,1,"Ráðherrar og Alþingi","Ráðherrar hafa ekki atkvæðisrétt á Alþingi."
"V. KAFLI","Ráðherrar og ríkisstjórn",6,89,3,1,"Ráðherrar og Alþingi","Sé alþingismaður skipaður ráðherra víkur hann úr þingsæti á meðan hann gegnir embættinu og tekur varamaður þá sæti hans."
"V. KAFLI","Ráðherrar og ríkisstjórn",6,90,1,1,"Stjórnarmyndun","Alþingi kýs forsætisráðherra."
"V. KAFLI","Ráðherrar og ríkisstjórn",6,90,2,1,"Stjórnarmyndun","Eftir að hafa ráðfært sig við þingflokka og þingmenn gerir forseti Íslands tillögu til þingsins um forsætisráðherra."
"V. KAFLI","Ráðherrar og ríkisstjórn",6,90,2,2,"Stjórnarmyndun","Er hann rétt kjörinn ef meiri hluti þingmanna samþykkir tillöguna."
"V. KAFLI","Ráðherrar og ríkisstjórn",6,90,2,3,"Stjórnarmyndun","Að öðrum kosti gerir forseti Íslands nýja tillögu með sama hætti."
"V. KAFLI","Ráðherrar og ríkisstjórn",6,90,2,4,"Stjórnarmyndun","Verði sú tillaga ekki samþykkt fer fram kosning í þinginu milli þeirra sem fram eru boðnir af þingmönnum, þingflokkum eða forseta Íslands."
"V. KAFLI","Ráðherrar og ríkisstjórn",6,90,2,5,"Stjórnarmyndun","Sá er flest atkvæði hlýtur er rétt kjörinn forsætisráðherra."
"V. KAFLI","Ráðherrar og ríkisstjórn",6,90,3,1,"Stjórnarmyndun","Hafi nýr forsætisráðherra ekki verið kjörinn innan tíu vikna frá því að forsætisráðherra fær lausn frá embætti skal forseti rjúfa Alþingi og boða til nýrra kosninga í samræmi við 73. gr."
"V. KAFLI","Ráðherrar og ríkisstjórn",6,90,4,1,"Stjórnarmyndun","Forsætisráðherra ákveður skipan ráðuneyta og tölu ráðherra og skiptir störfum með þeim en ráðherrar skulu ekki vera fleiri en tíu."
"V. KAFLI","Ráðherrar og ríkisstjórn",6,90,5,1,"Stjórnarmyndun","Forseti Íslands skipar forsætisráðherra í embætti."
"V. KAFLI","Ráðherrar og ríkisstjórn",6,90,5,2,"Stjórnarmyndun","Forsætisráðherra skal samhliða skipa aðra ráðherra í embætti."
"V. KAFLI","Ráðherrar og ríkisstjórn",6,90,5,3,"Stjórnarmyndun","Forseti veitir forsætisráðherra lausn frá embætti eftir alþingiskosningar ef vantraust er samþykkt á hann á Alþingi eða ef ráðherrann óskar þess."
"V. KAFLI","Ráðherrar og ríkisstjórn",6,90,5,4,"Stjórnarmyndun","Forsætisráðherra veitir öðrum ráðherrum lausn og skipar í þeirra stað."
"V. KAFLI","Ráðherrar og ríkisstjórn",6,90,6,1,"Stjórnarmyndun","Ráðherrar undirrita eiðstaf að stjórnarskránni þegar þeir taka við embætti."
"V. KAFLI","Ráðherrar og ríkisstjórn",6,91,1,1,"Vantraust","Leggja má fram á Alþingi tillögu um vantraust á ráðherra."
"V. KAFLI","Ráðherrar og ríkisstjórn",6,91,1,2,"Vantraust","Í tillögu um vantraust á forsætisráðherra skal felast tillaga um eftirmann hans."
"V. KAFLI","Ráðherrar og ríkisstjórn",6,91,2,1,"Vantraust","Ráðherra er veitt lausn frá embætti ef meiri hluti þingmanna samþykkir tillögu um vantraust á hann."
"V. KAFLI","Ráðherrar og ríkisstjórn",6,91,2,2,"Vantraust","Ríkisstjórn er veitt lausn ef meiri hluti þingmanna samþykkir tillögu um vantraust á forsætisráðherra."
"V. KAFLI","Ráðherrar og ríkisstjórn",6,92,1,1,"Starfsstjórn","Eftir að forsætisráðherra hefur verið veitt lausn ásamt ríkisstjórn sinni situr hún áfram sem starfsstjórn uns nýr forsætisráðherra er skipaður."
"V. KAFLI","Ráðherrar og ríkisstjórn",6,92,1,2,"Starfsstjórn","Sama gildir ef þing er rofið."
"V. KAFLI","Ráðherrar og ríkisstjórn",6,92,1,3,"Starfsstjórn","Ráðherrar í starfsstjórn taka aðeins þær ákvarðanir sem eru nauðsynlegar til rækslu starfa þeirra."
"V. KAFLI","Ráðherrar og ríkisstjórn",6,93,1,1,"Upplýsinga- og sannleiksskylda","Ráðherra er skylt að veita Alþingi eða þingnefnd allar upplýsingar, skjöl og skýrslur um málefni sem undir hann heyra nema leynt skuli fara samkvæmt lögum."
"V. KAFLI","Ráðherrar og ríkisstjórn",6,93,2,1,"Upplýsinga- og sannleiksskylda","Þingmenn eiga rétt á upplýsingum frá ráðherra með því að bera fram fyrirspurn um mál eða óska eftir skýrslu samkvæmt nánari fyrirmælum í lögum."
"V. KAFLI","Ráðherrar og ríkisstjórn",6,93,3,1,"Upplýsinga- og sannleiksskylda","Upplýsingar sem ráðherra veitir Alþingi, nefndum þess og þingmönnum skulu vera réttar, viðeigandi og fullnægjandi."
"V. KAFLI","Ráðherrar og ríkisstjórn",6,94,1,1,"Skýrsla ríkisstjórnar til Alþingis","Árlega leggur ríkisstjórn fyrir Alþingi skýrslu um störf sín og framkvæmd ályktana þingsins."
"V. KAFLI","Ráðherrar og ríkisstjórn",6,94,2,1,"Skýrsla ríkisstjórnar til Alþingis","Ráðherra getur gert grein fyrir málefni sem undir hann heyrir með skýrslu til Alþingis."
"V. KAFLI","Ráðherrar og ríkisstjórn",6,95,1,1,"Ráðherraábyrgð","Ráðherrar bera lagalega ábyrgð á öllum stjórnarframkvæmdum sem undir þá heyra."
"V. KAFLI","Ráðherrar og ríkisstjórn",6,95,1,2,"Ráðherraábyrgð","Ábyrgð vegna embættisbrota þeirra skal ákveðin með lögum."
"V. KAFLI","Ráðherrar og ríkisstjórn",6,95,1,3,"Ráðherraábyrgð","Bóki ráðherra andstöðu við ákvörðun ríkisstjórnar ber hann þó ekki lagalega ábyrgð á henni."
"V. KAFLI","Ráðherrar og ríkisstjórn",6,95,2,1,"Ráðherraábyrgð","Stjórnskipunar- og eftirlitsnefnd Alþingis ákveður, að undangenginni könnun, hvort hefja skuli rannsókn á meintum embættisbrotum ráðherra."
"V. KAFLI","Ráðherrar og ríkisstjórn",6,95,2,2,"Ráðherraábyrgð","Nefndin skipar saksóknara sem annast rannsóknina."
"V. KAFLI","Ráðherrar og ríkisstjórn",6,95,2,3,"Ráðherraábyrgð","Hann metur hvort niðurstaða rannsóknarinnar sé nægileg eða líkleg til sakfellingar og gefur þá út ákæru og sækir málið fyrir dómstólum."
"V. KAFLI","Ráðherrar og ríkisstjórn",6,95,2,4,"Ráðherraábyrgð","Nánar skal kveðið á um rannsókn og meðferð slíkra mála í lögum."
"V. KAFLI","Ráðherrar og ríkisstjórn",6,96,1,1,"Skipun embættismanna","Ráðherrar og önnur stjórnvöld veita þau embætti sem lög mæla fyrir um."
"V. KAFLI","Ráðherrar og ríkisstjórn",6,96,2,1,"Skipun embættismanna","Hæfni og málefnaleg sjónarmið skulu ráða við skipun í embætti."
"V. KAFLI","Ráðherrar og ríkisstjórn",6,96,3,1,"Skipun embættismanna","Þegar ráðherra skipar í embætti dómara og ríkissaksóknara skal skipun borin undir forseta Íslands til staðfestingar."
"V. KAFLI","Ráðherrar og ríkisstjórn",6,96,3,2,"Skipun embættismanna","Synji forseti skipun staðfestingar þarf Alþingi að samþykkja skipunina með 2/3 hlutum atkvæða til að hún taki gildi."
"V. KAFLI","Ráðherrar og ríkisstjórn",6,96,4,1,"Skipun embættismanna","Ráðherra skipar í önnur æðstu embætti, eins og þau eru skilgreind í lögum, að fenginni tillögu sjálfstæðrar nefndar."
"V. KAFLI","Ráðherrar og ríkisstjórn",6,96,4,2,"Skipun embættismanna","Velji ráðherra ekki í slíkt embætti einn þeirra sem nefndin telur hæfastan er skipun háð samþykki Alþingis með 2/3 hlutum atkvæða."
"V. KAFLI","Ráðherrar og ríkisstjórn",6,96,5,1,"Skipun embættismanna","Forseti Íslands skipar formann nefndar skv. 4. mgr."
"V. KAFLI","Ráðherrar og ríkisstjórn",6,96,5,2,"Skipun embættismanna","Um nánari skipan hennar og störf skal mælt fyrir í lögum."
"V. KAFLI","Ráðherrar og ríkisstjórn",6,96,6,1,"Skipun embættismanna","Í lögum má kveða á um að í tiltekin embætti megi einungis skipa íslenska ríkisborgara og að embættismaður skuli undirrita eiðstaf að stjórnarskránni."
"V. KAFLI","Ráðherrar og ríkisstjórn",6,97,1,1,"Sjálfstæðar ríkisstofnanir","Með lögum sem eru samþykkt með 2/3 hlutum atkvæða á Alþingi má kveða á um að tilteknar stofnanir ríkisins sem gegna mikilvægu eftirliti eða afla upplýsinga sem nauðsynlegar eru í lýðræðisþjóðfélagi njóti sérstaks sjálfstæðis."
"V. KAFLI","Ráðherrar og ríkisstjórn",6,97,1,2,"Sjálfstæðar ríkisstofnanir","Starfsemi slíkra stofnana verður ekki lögð niður, henni breytt að verulegu leyti eða hún fengin öðrum stofnunum nema með lögum sem eru samþykkt með 2/3 hlutum atkvæða á Alþingi."
"VI. KAFLI","Dómsvald",7,98,1,1,"Skipan dómsvaldsins","Skipan dómsvaldsins, þar á meðal dómstig og fjölda dómara, skal ákveða með lögum."
"VI. KAFLI","Dómsvald",7,99,1,1,"Sjálfstæði dómstóla","Sjálfstæði dómstóla skal tryggt með lögum."
"VI. KAFLI","Dómsvald",7,100,1,1,"Lögsaga dómstóla","Dómstólar skera endanlega úr um réttindi og skyldur að einkarétti, svo og sök um refsiverða háttsemi og ákveða viðurlög við henni."
"VI. KAFLI","Dómsvald",7,100,2,1,"Lögsaga dómstóla","Dómstólar skera úr um stjórnskipulegt gildi laga að því marki sem á það reynir í dómsmáli."
"VI. KAFLI","Dómsvald",7,100,3,1,"Lögsaga dómstóla","Dómstólar skera úr um hvort stjórnvöld hafi farið að lögum."
"VI. KAFLI","Dómsvald",7,100,3,2,"Lögsaga dómstóla","Hjá ákvörðun stjórnvalds verður ekki komist í bráð með því að bera lögmæti hennar undir dóm nema samkvæmt heimild í lögum eða sérstakri ákvörðun stjórnvalds."
"VI. KAFLI","Dómsvald",7,101,1,1,"Hæstiréttur Íslands","Hæstiréttur Íslands er æðsti dómstóll ríkisins og hefur hann endanlegt vald til að leysa úr öllum málum sem eru lögð fyrir dómstóla."
"VI. KAFLI","Dómsvald",7,101,2,1,"Hæstiréttur Íslands","Þó má ákveða með lögum að sérstakur dómstóll leysi endanlega úr ágreiningi um kjarasamninga og lögmæti vinnustöðvana, þó þannig að ákvörðunum hans um refsingu verði skotið til annarra dómstóla."
"VI. KAFLI","Dómsvald",7,102,1,1,"Skipun dómara","Dómarar eru þeir sem skipaðir hafa verið ótímabundið í embætti dómara eða settir til að gegna því um tiltekinn tíma."
"VI. KAFLI","Dómsvald",7,102,1,2,"Skipun dómara","Til dómstarfa geta dómstólar ráðið eða kvatt aðra eftir því sem mælt er fyrir um í lögum."
"VI. KAFLI","Dómsvald",7,102,2,1,"Skipun dómara","Ráðherra skipar dómara og veitir þeim lausn."
"VI. KAFLI","Dómsvald",7,102,2,2,"Skipun dómara","Dómara verður ekki vikið endanlega úr embætti nema með dómi og þá aðeins ef hann uppfyllir ekki lengur skilyrði til að gegna embættinu eða sinnir ekki skyldum sem starfinu tengjast."
"VI. KAFLI","Dómsvald",7,103,1,1,"Sjálfstæði dómenda","Dómendur skulu í embættisverkum sínum einungis fara eftir lögum."
"VI. KAFLI","Dómsvald",7,104,1,1,"Ákæruvald og ríkissaksóknari","Skipan ákæruvaldsins skal ákveðin með lögum."
"VI. KAFLI","Dómsvald",7,104,2,1,"Ákæruvald og ríkissaksóknari","Ríkissaksóknari er æðsti handhafi ákæruvaldsins."
"VI. KAFLI","Dómsvald",7,104,2,2,"Ákæruvald og ríkissaksóknari","Hann skal í embættisverkum sínum einungis fara eftir lögum."
"VI. KAFLI","Dómsvald",7,104,3,1,"Ákæruvald og ríkissaksóknari","Ráðherra skipar ríkissaksóknara og veitir honum lausn."
"VI. KAFLI","Dómsvald",7,104,3,2,"Ákæruvald og ríkissaksóknari","Ríkissaksóknari er sjálfstæður í störfum sínum og nýtur sömu verndar í starfi og dómarar."
"VII. KAFLI","Sveitarfélög",8,105,1,1,"Sjálfstæði sveitarfélaga","Sveitarfélög ráða sjálf málefnum sínum eftir því sem lög ákveða."
"VII. KAFLI","Sveitarfélög",8,105,1,1,"Sjálfstæði sveitarfélaga"," Sveitarfélög skulu hafa nægilega burði og tekjur til að sinna lögbundnum verkefnum."
"VII. KAFLI","Sveitarfélög",8,105,2,1,"Sjálfstæði sveitarfélaga","Tekjustofnar sveitarfélaga skulu ákveðnir með lögum, svo og réttur þeirra til að ákveða hvort og hvernig þeir eru nýttir."
"VII. KAFLI","Sveitarfélög",8,105,3,1,"Sjálfstæði sveitarfélaga",
"VII. KAFLI","Sveitarfélög",8,106,1,1,"Nálægðarregla","Á hendi sveitarfélaga, eða samtaka í umboði þeirra, skulu vera þeir þættir opinberrar þjónustu sem best þykir fyrir komið undir staðbundinni stjórn þeirra svo sem nánar skal kveðið á um í lögum."
"VII. KAFLI","Sveitarfélög",8,107,1,1,"Kosning sveitarstjórna og íbúalýðræði","Sveitarfélögum er stjórnað af sveitarstjórnum sem starfa í umboði íbúa og eru kjörnar í almennum, leynilegum kosningum."
"VII. KAFLI","Sveitarfélög",8,107,2,1,"Kosning sveitarstjórna og íbúalýðræði","Rétti íbúa sveitarfélags til þess að óska eftir atkvæðagreiðslu um málefni þess skal skipað með lögum."
"VII. KAFLI","Sveitarfélög",8,108,1,1,"Samráðsskylda","Við undirbúning laga sem með beinum hætti varða málefni sveitarfélaga skal hafa samráð við sveitarstjórnir og samtök þeirra."
"VIII. KAFLI","Utanríkismál",9,109,1,1,"Meðferð utanríkismála","Utanríkisstefna og almennt fyrirsvar ríkisins á því sviði er á hendi ráðherra í umboði og undir eftirliti Alþingis."
"VIII. KAFLI","Utanríkismál",9,109,2,1,"Meðferð utanríkismála","Ráðherrum er skylt að veita utanríkismálanefnd Alþingis upplýsingar um utanríkis- og varnarmál."
"VIII. KAFLI","Utanríkismál",9,109,2,2,"Meðferð utanríkismála","Ráðherra skal hafa samráð við nefndina áður en ákvörðun er tekin um mikilvæg utanríkismál."
"VIII. KAFLI","Utanríkismál",9,109,3,1,"Meðferð utanríkismála","Ákvörðun um stuðning við aðgerðir sem fela í sér beitingu vopnavalds, aðrar en þær sem Ísland er skuldbundið af samkvæmt þjóðarétti, skal háð samþykki Alþingis."
"VIII. KAFLI","Utanríkismál",9,110,1,1,"Þjóðréttarsamningar","Ráðherra gerir þjóðréttarsamninga fyrir hönd Íslands."
"VIII. KAFLI","Utanríkismál",9,110,1,2,"Þjóðréttarsamningar","Þó getur hann enga slíka samninga gert ef þeir hafa í sér fólgið afsal eða kvaðir á landi, innsævi, landhelgi, efnahagslögsögu eða landgrunni, eða kalla á breytingar á lögum, eða eru mikilvægir af öðrum ástæðum, nema samþykki Alþingis komi til."
"VIII. KAFLI","Utanríkismál",9,111,1,1,"Framsal ríkisvalds","Heimilt er að gera þjóðréttarsamninga sem fela í sér framsal ríkisvalds til alþjóðlegra stofnana sem Ísland á aðild að í þágu friðar og efnahagssamvinnu."
"VIII. KAFLI","Utanríkismál",9,111,1,2,"Framsal ríkisvalds","Framsal ríkisvalds skal ávallt vera afturkræft."
"VIII. KAFLI","Utanríkismál",9,111,2,1,"Framsal ríkisvalds","Með lögum skal afmarka nánar í hverju framsal ríkisvalds samkvæmt þjóðréttarsamningi er falið."
"VIII. KAFLI","Utanríkismál",9,111,2,2,"Framsal ríkisvalds","Feli lögin í sér verulegt valdframsal skulu þau borin undir atkvæði allra kosningarbærra manna til samþykktar eða synjunar."
"VIII. KAFLI","Utanríkismál",9,111,2,3,"Framsal ríkisvalds","Niðurstaða slíkrar þjóðaratkvæðagreiðslu er bindandi."
"VIII. KAFLI","Utanríkismál",9,112,1,1,"Skyldur samkvæmt alþjóðlegum samningum","Öllum handhöfum ríkisvalds ber að virða mannréttindareglur sem eru bindandi fyrir ríkið að þjóðarétti og tryggja framkvæmd þeirra og virkni eftir því sem samræmist hlutverki þeirra að lögum og valdmörkum."
"VIII. KAFLI","Utanríkismál",9,112,2,1,"Skyldur samkvæmt alþjóðlegum samningum","Þegar Alþingi hefur lögfest alþjóðlega mannréttindasáttmála og umhverfissamninga ganga þeir framar almennum lögum."
"IX. KAFLI","Ýmis ákvæði",10,113,1,1,"Stjórnarskrárbreytingar","Þegar Alþingi hefur samþykkt frumvarp til laga um breytingu á stjórnarskrá skal það borið undir atkvæði allra kosningarbærra manna í landinu til samþykktar eða synjunar."
"IX. KAFLI","Ýmis ákvæði",10,113,1,2,"Stjórnarskrárbreytingar","Atkvæðagreiðslan skal fara fram í fyrsta lagi einum mánuði og í síðasta lagi þremur mánuðum eftir samþykkt frumvarpsins á Alþingi."
"IX. KAFLI","Ýmis ákvæði",10,113,1,3,"Stjórnarskrárbreytingar","Sé frumvarpið samþykkt í þjóðaratkvæðagreiðslunni skal það staðfest af forseta Íslands innan tveggja vikna og telst þá gild stjórnarskipunarlög."
"IX. KAFLI","Ýmis ákvæði",10,113,2,1,"Stjórnarskrárbreytingar","Samþykki Alþingi frumvarp til laga um breytingu á ákvæði í II. kafla stjórnarskrárinnar skal rjúfa Alþingi þá þegar og stofna til almennra kosninga að nýju."
"IX. KAFLI","Ýmis ákvæði",10,113,2,2,"Stjórnarskrárbreytingar","Samþykki Alþingi frumvarpið óbreytt skal það borið undir atkvæði allra kosningarbærra manna í landinu til samþykktar eða synjunar með þeim hætti sem greinir í 1. mgr."
"IX. KAFLI","Ýmis ákvæði",10,113,2,3,"Stjórnarskrárbreytingar","Sé frumvarpið samþykkt í þjóðaratkvæðagreiðslunni skal það staðfest af forseta Íslands innan tveggja vikna og telst þá gild stjórnarskipunarlög."
"IX. KAFLI","Ýmis ákvæði",10,114,1,1,"Gildistaka","Stjórnarskipunarlög þessi öðlast gildi þegar Alþingi hefur samþykkt þau í samræmi við ákvæði stjórnarskipunarlaga, nr. 33 frá 17. júní 1944, með áorðnum breytingum."
"IX. KAFLI","Ýmis ákvæði",10,114,2,1,"Gildistaka","Við gildistöku stjórnarskipunarlaga þessara falla úr gildi stjórnarskipunarlög, nr. 33 frá 17. júní 1944, með áorðnum breytingum."
,"{Ákvæði um stundarsakir}",11,,1,1,,"Þrátt fyrir ákvæði 10. mgr. 39. gr. nægir samþykki einfalds meiri hluta atkvæða á Alþingi til að breyta lögum um kosningar til Alþingis til samræmis við stjórnarskipunarlög þessi eftir að þau taka gildi."
,"{Ákvæði um stundarsakir}",11,,2,1,,"Þrátt fyrir ákvæði 39. gr. er heimilt að halda alþingiskosningar á grundvelli gildandi kosningalaga í allt að tvö ár frá gildistöku stjórnarskipunarlaga þessara."
,"{Ákvæði um stundarsakir}",11,,3,1,,"Veita má þeim dómara sem situr í embætti við gildistöku stjórnarskipunarlaga þessara lausn frá embætti er hann hefur náð 65 ára aldri."
,"{Ákvæði um stundarsakir}",11,,3,2,,"Sé dómara við Hæstarétt Íslands veitt lausn samkvæmt ákvæði þessu skal hann þó eigi missa neins í af launum sínum."
,"{Ákvæði um stundarsakir}",11,,4,1,,"Upphafstímamark vegna ákvæða 3. málsl. 79. gr. og 3. mgr. 86. gr. skal miða við gildistöku stjórnarskipunarlaga þessara."
